9.699220815300250820e+00
7.158895878174172722e+00
1.175778716236473720e+01
7.315186183647456097e+00
1.761359734684510414e+01
6.241648842983742007e+00
7.646394383795075633e+00
8.113351807438837326e+00
8.751836793992021413e+00
6.351126506537612570e+00
5.437534920730382915e+00
6.744709822324838733e+00
8.242512764508177270e+00
9.514212026589202509e+00
9.068326875990930347e+00
9.595733668234046831e+00
8.698449788255519621e+00
1.246907134161945230e+01
9.109643309052355420e+00
9.515964223324816729e+00
7.469088483116501642e+00
1.112812405510736724e+01
8.382128666541525774e+00
6.987689793225515089e+00
6.065642980946146956e+00
5.827506944098602482e+00
1.479508253108083515e+01
6.120393099245616142e+00
1.411298750976605021e+01
5.406339548357714797e+00
9.767603478821841989e+00
7.960649003223911002e+00
7.636865578496837337e+00
1.116041865532387156e+01
1.040649453395886503e+01
1.257712392133024615e+01
8.411978230801247847e+00
6.819704398194551764e+00
1.024029585791355856e+01
5.733077316748754981e+00
4.687337483675213079e+00
1.254319148903619663e+01
6.620618549324226443e+00
8.744625128061301211e+00
1.509204963579207615e+01
1.030670336272111243e+01
1.007576142029374111e+01
7.437236370924670936e+00
8.164415576049018242e+00
1.191411652985915737e+01
7.633593187704546423e+00
9.093118602676351969e+00
9.997782152468877470e+00
6.384299047645528802e+00
1.352199677557998569e+01
7.664483588315804674e+00
6.855964456420988284e+00
1.022070249269774500e+01
9.575883847759447676e+00
9.911626493111066694e+00
7.276123267557928820e+00
7.944523417910985152e+00
1.395883524951072197e+01
6.579750518767362166e+00
1.623932470937708672e+01
6.477071130467797921e+00
8.434329508013377108e+00
5.678900199177244978e+00
1.308726931677835559e+01
8.393431367978083202e+00
5.727556854293674782e+00
1.417547580697524090e+01
7.920613197552208717e+00
1.042791138680619234e+01
1.309049658978098662e+01
1.371294996146333744e+01
5.909164461970758175e+00
1.220353504369188435e+01
7.026557997115400411e+00
7.015681525990846268e+00
1.089317691601778115e+01
1.105825521244610243e+01
1.493183351242330836e+01
4.908621825352397217e+00
4.901564120572325045e+00
7.908250513872370213e+00
1.986873538968707464e+01
4.034969218669022695e+00
1.574729617961824957e+01
9.182955786930602216e+00
6.068637228467754774e+00
7.015085246332610325e+00
7.700621119788953806e+00
5.917495919675954674e+00
1.500300745382372547e+01
7.355792585273720263e+00
9.160013800912187421e+00
9.062532918983963626e+00
8.827025423728029452e+00
1.539615519661836274e+01
9.938290334069943555e+00
1.771661678674017537e+01
1.105540809997585328e+01
1.215445104682284061e+01
9.244872309050178316e+00
4.306822268100390261e+00
8.839110660237484041e+00
6.844241491982799630e+00
8.593506433003479827e+00
1.027045436331721184e+01
7.997542203404348626e+00
1.007639614686917007e+01
6.300815043806910154e+00
9.911872838145454168e+00
1.330205524147863549e+01
1.761135488692062268e+01
1.372575353831983591e+01
1.204863753464193721e+01
7.759309158706312992e+00
9.857343246353467592e+00
9.151600545009259235e+00
1.106022385086745530e+01
6.016543755182951259e+00
8.903160939441802313e+00
6.141380956907663169e+00
1.290511290725644322e+01
1.239932253227581249e+01
1.366091350799413107e+01
9.133660270417236049e+00
7.483380191351445276e+00
5.132320359586933556e+00
6.231969103584863667e+00
6.010051936420241603e+00
1.483646287631317939e+01
9.504798787433788476e+00
1.275587249548433277e+01
1.680556607118206713e+01
7.100587013388024005e+00
1.025626770120843290e+01
1.213410019963878916e+01
1.348131733961724521e+01
1.039447243088059203e+01
1.453149660347112970e+01
1.052533341139043266e+01
1.769825420135862259e+01
9.419737751546355398e+00
1.531244337423447632e+01
1.213353170387828861e+01
5.414363635935416141e+00
8.871127701016433775e+00
8.415315790270042839e+00
9.024288086919479923e+00
1.507085710691799996e+01
1.249770412046083123e+01
1.201367583247309589e+01
6.841804772647869903e+00
7.604140296163449442e+00
7.977899887160888603e+00
4.940092882912773042e+00
5.305789811490447150e+00
4.710114906732643547e+00
9.162365085699290645e+00
9.050756628892742128e+00
8.140164854167849739e+00
7.419524129820874947e+00
1.147965890674587186e+01
1.475522904161699955e+01
7.801173790868282332e+00
1.118333633921946735e+01
1.078778308263469299e+01
1.537650390622158625e+01
1.001654209062958145e+01
5.328949924998551246e+00
1.149834318627142160e+01
1.585658097882041062e+01
5.946542484721780042e+00
1.660032005629708607e+01
1.283672681549966477e+01
6.144456261037229972e+00
9.222193063779654310e+00
1.491979221249759036e+01
1.398195813949465460e+01
1.026548283173682563e+01
6.653411877973699262e+00
9.983233068150811462e+00
8.796672924931975501e+00
9.073626843588542101e+00
8.456247791150584447e+00
7.897659258636097412e+00
5.372310692925701403e+00
1.029933031884831784e+01
1.367669496346850977e+01
6.883699246409831218e+00
5.889150459373723834e+00
6.600476610279010004e+00
6.954409609902580058e+00
1.234459140014844181e+01
1.143439440170528876e+01
1.137434211898906433e+01
1.283624502296102854e+01
5.645564115220513379e+00
4.332689027717169239e+00
5.715553948634974013e+00
8.872859726703151040e+00
9.027221927865014095e+00
6.827502531829590993e+00
9.974001082707861343e+00
7.050228345681480491e+00
7.624092253697742017e+00
6.805843369066661985e+00
1.034702232650042220e+01
5.827139601730219276e+00
6.848761057419174847e+00
7.775027921016830490e+00
4.989076451739314244e+00
8.993776764892100317e+00
4.972538271612362060e+00
8.447731037876677007e+00
5.229956785056788071e+00
6.648070849897718126e+00
9.243517021187075855e+00
1.418338035677340692e+01
1.225095644876381229e+01
8.442436292386435781e+00
7.540735924714482508e+00
1.109101892481243645e+01
1.149059275194085750e+01
8.286277136382590669e+00
6.307224183317807764e+00
1.095827460040861290e+01
8.713458261762458079e+00
6.478501338072668148e+00
1.121335177345529566e+01
1.188214163878138230e+01
5.687800020405779478e+00
8.547682930942027468e+00
6.026108994580993361e+00
1.101433943236651558e+01
1.009451746161819052e+01
1.890888446769860209e+01
9.386545846429616091e+00
6.422989864569765395e+00
9.817174414572908958e+00
8.854043113948543819e+00
1.087421067296418542e+01
1.111013561015025353e+01
9.036438303374971781e+00
6.752435168079694350e+00
1.191473844788095882e+01
9.626243649635062738e+00
