2.379360260500060775e-01
6.384414500690430705e-01
4.522612334038792481e-01
4.280034305826596053e-01
3.637306951172941116e-01
5.682409918577248087e-01
4.299437558903113632e-01
2.421012509423479397e-01
4.342360813144503506e-01
4.992925016246064773e-01
2.250303105261489411e-01
5.482501105938130115e-01
4.161196718622848234e-01
3.514391159108384843e-01
1.856506648258467451e-01
7.107029381310782101e-01
6.248098566002442400e-01
1.350088969454072141e-01
4.583312770468446762e-01
4.367762188589772165e-01
4.773042147569686589e-01
2.050582209089139019e-01
3.087366702620479297e-01
3.706464703553549733e-01
6.082365257631260347e-01
6.149751133910641432e-01
6.546698865130295975e-01
7.009724850814277319e-01
5.337653414657332895e-01
4.080498650604472144e-01
5.087185583607430894e-01
8.469057668079292833e-01
8.251543196540797043e-01
5.623218586826227439e-01
4.210255592559366544e-01
2.589163497954902193e-01
3.647341932692386157e-01
3.330185545408076986e-01
3.477843053240249893e-01
5.880424700243831460e-01
4.486252173960173506e-01
2.408025956027274594e-01
5.320114369114947728e-01
5.072251826843889866e-01
2.993603156348113026e-01
6.381971926549031560e-01
5.999653059901778329e-01
3.820024692557488777e-01
1.535879020795117567e-01
4.108032059939645264e-01
4.663938516334221740e-01
4.846417085528065272e-01
5.783785987854798138e-01
2.105738330202539532e-01
2.407535921085483532e-01
1.902319308937909514e-01
9.604821980454891772e-02
2.013391693978649477e-01
5.239889235952640556e-01
6.774727000008263778e-01
2.572680379745402313e-01
6.318857417829513157e-01
3.738154810084006185e-01
2.966452876528175020e-01
1.346443779618738679e-01
5.531736374056427374e-01
3.421881891958021837e-01
6.048104129237862336e-01
5.435040488920904744e-01
1.698430109248475206e-01
4.867989977020025782e-01
5.702740933955507963e-01
7.637901264774954457e-01
4.933589798446467722e-01
2.427313446197496005e-01
2.528789381971377481e-01
5.617729577759675852e-01
4.934785476824513628e-01
3.687242418472542194e-01
3.419113187198021264e-01
1.392351542039830525e-01
4.021893640075279719e-01
2.347439053956616173e-01
3.237427423900818835e-01
6.795292372776533529e-01
5.433507498896176235e-01
3.795215781268785338e-01
5.303618973578219098e-01
5.096517186646968289e-01
2.450729353098858032e-01
3.527978698644893552e-01
3.518508361268286033e-01
1.755326482328171955e-01
7.064377680983111585e-01
3.468007272638138350e-01
3.165859249346009152e-01
4.751344026788392738e-01
5.494397793573078115e-01
7.291659874515210582e-01
3.625841218022394230e-01
