5.087196198985637352e-01
4.794333006377182738e-01
4.859513433197594767e-01
5.076631530453413754e-01
4.918790711957566897e-01
5.083401589731210146e-01
5.088167723273893106e-01
4.893572933346612697e-01
5.102655496857895212e-01
5.027868259661596451e-01
4.792991360085471220e-01
5.067200690220943216e-01
5.099971948443922098e-01
4.940153594333349107e-01
4.888440733818810169e-01
5.103646319663868169e-01
4.934224790830157303e-01
4.812607966839270168e-01
4.675020748986062902e-01
5.012689072699674231e-01
5.007422708073557827e-01
5.145206600306876377e-01
4.875762364643048130e-01
4.800577931363950168e-01
5.020574484295168283e-01
4.882622472286796689e-01
5.017473378256132044e-01
5.179987128595843204e-01
5.192414187921572388e-01
4.992335048258816355e-01
5.158753167942254914e-01
5.028354715506316852e-01
5.147595545846993526e-01
4.927473112109508890e-01
4.740419472265550715e-01
4.830208833312457650e-01
5.090347095155216550e-01
4.661236489179773068e-01
4.977454839121613905e-01
5.108625453005877226e-01
4.914924437694151993e-01
4.694858017234392888e-01
5.026228625931948857e-01
5.035031596095972395e-01
4.980341261185280977e-01
5.137615689573247213e-01
4.916703299660985516e-01
5.062263235331830868e-01
5.087022948120708543e-01
4.845909684221261227e-01
5.459488794500413356e-01
4.911699058517552396e-01
5.531592960152621474e-01
4.749649721439674344e-01
5.015280714315218935e-01
4.655246459523490477e-01
5.046089672746119081e-01
5.025320620840484365e-01
4.853559797454575220e-01
4.986391795790534043e-01
4.802587601402009687e-01
4.940248948975621279e-01
4.980718928772253640e-01
4.691515054491925407e-01
4.979283073224585188e-01
4.700976217427756954e-01
4.839506247064183642e-01
5.359154716777992933e-01
4.845492751605813275e-01
4.941354734320806408e-01
4.739120572870423320e-01
4.883168327669290543e-01
4.825011631563006498e-01
4.805608137916627665e-01
4.824024319159507246e-01
5.074460259729240974e-01
4.608701066110133526e-01
4.755404652195438508e-01
4.836737934010603701e-01
4.901061445831721430e-01
4.988591739010920789e-01
5.106580150896199433e-01
5.033618929272728471e-01
4.767910363836890264e-01
4.798554052538151482e-01
4.819240095238159771e-01
4.768642937837091478e-01
4.824184908043536724e-01
4.826225806394443540e-01
5.511865759866412251e-01
4.898735273517620392e-01
4.928008631410741303e-01
4.942239558989648396e-01
4.961588807218998420e-01
4.883506193103649973e-01
4.743565987789890026e-01
4.685498989756372024e-01
4.831513791563974980e-01
5.159192703937939273e-01
4.835904264991114365e-01
