3.282197382891254706e-02
1.618294091653249556e-02
5.604562681657346279e-02
1.558982728944964258e-01
3.727933109930166994e-02
5.253525200048603239e-02
2.361846742900743645e-01
1.590250618115051917e-01
2.466184173792866363e-01
2.499161806076170833e-02
1.207873363537613626e-01
1.913513552453564304e-01
7.592749111216560987e-02
8.038129178705921349e-03
2.081003735742142091e-01
2.352332152283531375e-01
3.207857453270283182e-02
7.090840773571143174e-01
4.131216207501924309e-01
1.365009693762878930e-02
5.298404615093084136e-01
3.535445859126860879e-02
4.820993289641163915e-01
2.053203886765884445e-01
4.672495694517311282e-01
4.460403282874770420e-02
4.687003930816275310e-01
8.169068940489267183e-02
1.535387974442608272e-01
7.508747667620004930e-03
3.833293942314733860e-01
2.444383498466244364e-01
2.152836270085298556e-02
6.627073362953201929e-01
6.675317346859586110e-01
2.629150477853721690e-01
1.117461291028771925e-01
1.306744755650837420e-01
1.082275733683850244e-01
4.491111464954244265e-02
2.142544529056887581e-01
6.085577056774402749e-01
1.071006189020246302e-01
1.452999496366335352e-01
2.417938376338540363e-01
2.058475741237868750e-01
1.266679431361442988e-02
1.107793826815168664e-01
2.973064513941055531e-01
1.476294847530324091e-02
6.953077646718221726e-03
9.107281044119025504e-02
1.954931315394290436e-01
1.224518353593924587e-02
2.081690158775028471e-02
3.579916025866064500e-01
1.345918787473353029e-01
2.481133188436812631e-01
2.729280623723435717e-01
1.302097378904992220e-01
6.394319307236211447e-01
2.335644483710401509e-01
5.390800222112138163e-02
2.013470011653076264e-02
6.103739456553357590e-01
7.159664149272026643e-03
4.803029850226996911e-01
5.829544156550886536e-01
5.785405431880363825e-02
4.270826919579123748e-01
3.731921842909398657e-01
9.287584300029888551e-02
3.152704787883769955e-01
3.149744914535535650e-02
2.337499689982472373e-02
6.233279348445329715e-01
2.053057081967934461e-01
4.139576247938011044e-01
2.786176111178330084e-01
6.394606841629568716e-02
1.734282397892919318e-03
5.087710169511499431e-02
3.731828952774975949e-01
3.603133227040429820e-01
4.711749916063108778e-01
9.321165312313625662e-02
1.475680352803073470e-01
5.110095005496803067e-01
2.923044340113550299e-01
2.717368335876906293e-01
2.889404780033803105e-02
4.133131985948565457e-02
1.851474349256929386e-01
2.710778645604992598e-01
2.599473539037821905e-03
6.043285586562227411e-03
7.884816650919382885e-01
1.536130476063762296e-01
3.087562703547663268e-01
6.591528750928560276e-02
3.234068993536181602e-01
9.347872393806193336e-02
2.888797392061911995e-02
8.058460447946470817e-02
1.873284480460810919e-01
3.362814866624347920e-01
2.999404259003636830e-01
2.468612566202165182e-01
1.637106925508235722e-01
5.070338473556232350e-02
1.912052130332317357e-02
6.027129652363684142e-01
3.707256757683917714e-01
2.861331837161991687e-01
7.293006593895753342e-01
3.539501955445014114e-01
3.219488165078578101e-02
9.024650847518781438e-01
9.970542522994774171e-02
1.086969888785323073e-02
7.925303208125432652e-01
2.400724716728767361e-01
2.454503467210949474e-01
3.399719592705294918e-02
3.419862982637926485e-02
2.501391347853322913e-02
6.069458800428990941e-02
4.685129472770847153e-02
2.342313859904384399e-01
1.360987822553077764e-01
4.989926140443396441e-01
1.638109820736883826e-01
1.968670166171207492e-02
1.679629314523573280e-01
4.216743996659692156e-02
7.699297140971780862e-02
5.116449355476307970e-01
6.321460558432928645e-02
7.229216877529182073e-01
5.453656029849056619e-01
5.310189758288628159e-01
7.182210129970321988e-02
5.172499814155172987e-02
4.208023109738736056e-01
6.404185139324519715e-01
7.117845493839608517e-01
2.579973905187737393e-01
5.793663936656680002e-01
4.751720960925576720e-01
1.550517720960188917e-01
4.536673772168656887e-02
7.068608996427092617e-01
1.296978457290322018e-01
6.699161388259997629e-01
8.266330384588254157e-03
3.185373910341415815e-02
2.639058193111858408e-01
8.066495069810492025e-01
2.324321936740345318e-01
5.831266289279543047e-01
2.492074437604034631e-02
2.346635803163069078e-01
8.151365570065017829e-01
1.097162478631989041e-01
3.970032596968184335e-01
4.279547588459394793e-03
1.395689014797903693e-01
1.750449968680871660e-01
8.614494281458203728e-01
3.402284020130685871e-01
2.553696263939526645e-01
1.006768868168028269e-01
2.868353605219947644e-02
3.564162660582035902e-01
2.778782274729212423e-02
5.948035157457447208e-02
1.113909650598054329e-02
1.802999663582197098e-01
8.460737223728240219e-02
3.332497653944256899e-01
2.070143194770969197e-01
9.470080750861516183e-02
9.237361624283818573e-02
2.451871151211018340e-01
8.098439810837177594e-03
3.214665988852729028e-01
3.092628005243083789e-01
2.920004283364893705e-02
2.099824446910234510e-01
3.509633551182944067e-01
5.296771089311520520e-01
4.669313069425153062e-02
1.054197633506853415e-01
4.502607870347655750e-01
1.309987691705041812e-01
4.970967810194397152e-01
4.635620464797948204e-01
4.323878648914857015e-02
1.082383295504452982e-02
3.509330774437146444e-02
9.321132652550045972e-01
9.641221757801422543e-01
9.838568476237218308e-01
9.383951896739226584e-01
9.690651529713137924e-01
6.988889454106700372e-01
7.231832992990123721e-01
8.574992505743018745e-01
9.645912850893793022e-01
9.732579411959189075e-01
9.959858401625946156e-01
9.998213754551875665e-01
9.643020859555827551e-01
8.724474489262992183e-01
8.851331425325558167e-01
9.614078802514951505e-01
9.435402633078353585e-01
9.934850614329394647e-01
9.932466272595442680e-01
5.623007478697583661e-01
9.800702774500125170e-01
9.899214868404271339e-01
9.697789328838247735e-01
9.982920910469715858e-01
7.201637871028031546e-01
7.228256428406877321e-01
7.583567759780839301e-01
9.829888110537498003e-01
9.912045421284977342e-01
9.898811584147610976e-01
8.299518712147094801e-01
9.214206463066619834e-01
9.841806267957388110e-01
9.604746187440412752e-01
8.358723930675301395e-01
9.836435773596284848e-01
9.675540735766330336e-01
8.221595602094663446e-01
9.468015576253235865e-01
9.996330293964881264e-01
9.404551123452814521e-01
9.567579663329516260e-01
9.889801793061347990e-01
9.742414775247193459e-01
9.212680746346508798e-01
3.145863328331188757e-02
8.505373901177102347e-01
7.690656239962833096e-01
9.050857251617856480e-01
9.206814539452807811e-01
9.475903408842112352e-01
4.922861232279659438e-01
9.987309892908537989e-01
9.987648067757097792e-01
9.895538665196439432e-01
9.375770630583746268e-01
8.964745158869280584e-01
9.780073894657127509e-01
9.979120266173815423e-01
9.999395950599819782e-01
9.802439595026599672e-01
9.143109294143151322e-01
9.995415782642119717e-01
7.702627715369430028e-01
9.088471193313358842e-01
9.873471405263052336e-01
9.985408492413431203e-01
5.755793147304899549e-01
9.041517523908640941e-01
9.871840734201247081e-01
9.452686739957731898e-01
9.897448769115475553e-01
9.950386163833010444e-01
9.659579742099835276e-01
9.926515330428343775e-01
9.661335979296441501e-01
9.374318813381781190e-01
5.492700289793908119e-01
9.999620123286095952e-01
9.152453200404180311e-01
5.153842030834122623e-01
8.967147504843430150e-01
9.327017785195907962e-01
9.420963679221306952e-01
9.288815922181539175e-01
9.958975690057162433e-01
3.926369170774874906e-01
8.754421818551192391e-01
8.577010228403834091e-01
9.871538965757816753e-01
9.990655273846038575e-01
9.982885195445680981e-01
8.908714612925417997e-01
9.748651212144234801e-01
8.456387810971467411e-01
9.996508978607848706e-01
7.386915382996183110e-01
9.995070022489963568e-01
9.881610517079613132e-01
9.890087540654656229e-01
8.973651623686844658e-01
6.256743293714251974e-01
9.946333801986182443e-01
9.737562583679763017e-01
9.945165187326473477e-01
9.996609078076957866e-01
9.349975145775837326e-01
9.842498112191963022e-01
9.856450457367671447e-01
9.971074053349071598e-01
8.261055693238444908e-01
9.990724709053729891e-01
9.274215991923180358e-01
8.775278378716045991e-01
9.998406724130929346e-01
9.888904796247206530e-01
8.123876167038108775e-01
9.924527181655056207e-01
9.999197132654622511e-01
9.968933782174325131e-01
9.530239058270699726e-01
9.966768090362192467e-01
5.016904693663254422e-01
9.957295625463302713e-01
9.708467674633178834e-01
9.773921963532808954e-01
9.787658333229266594e-01
9.995598884878927892e-01
9.835928581641817381e-01
8.425612744924120268e-01
9.855554850330522365e-01
9.980987105067939957e-01
9.093265097412336351e-01
9.992963447395207810e-01
8.652228915959467859e-01
6.108632771374693515e-01
9.990066012687487396e-01
9.998388295348146215e-01
4.674948347270058702e-01
5.166564345210630238e-01
9.998799151789216078e-01
9.985820535200626846e-01
8.708462163632322284e-01
9.929180915229647297e-01
6.547556098819178327e-01
8.143065509504554544e-01
6.759813979317255139e-01
5.995908578443349679e-01
5.592691155593402241e-01
9.182967397607471050e-01
9.992042070802771292e-01
7.584134284283905458e-01
9.997195688931258539e-01
9.743844815055453523e-01
9.669597157751268213e-02
9.486043827686282404e-01
1.641463920303372348e-01
9.480619058319085246e-01
9.098636739823774411e-01
9.999724133830562023e-01
9.999004371732523877e-01
7.687691722718298371e-01
1.818368563763154283e-02
4.711479033663423244e-01
9.970253897529706144e-01
9.987161505932350414e-01
9.981474734284345729e-01
8.136459951459535933e-01
6.218572987201891333e-01
9.975781774848636596e-01
8.116612687256168357e-01
9.678208641659706846e-01
3.580821901017914310e-01
9.999376214352045933e-01
9.947122828299409525e-01
9.994177119097394923e-01
8.537288695058313781e-01
9.562341313412043853e-01
9.887291375514862812e-01
5.713836294626535306e-01
8.325789722046909036e-01
9.980632818085084512e-01
8.227655141922450843e-01
9.854754350933327967e-01
7.685201516900811436e-01
7.106525067343361611e-03
9.885762854629773777e-01
9.985797301625823907e-01
3.639280632050409525e-01
8.386658946277697479e-02
9.947512542003300595e-01
9.986189936680942569e-01
9.116362980813830230e-01
9.882987993417802208e-01
9.956062546214277109e-01
7.509235177026383212e-01
9.757699822041651094e-01
9.587921457331344266e-01
9.615193888006370315e-01
9.412188757545558726e-01
