2.870568053350817106e-01
6.928325681355445020e-01
1.808968599173226000e-01
3.534510944583898334e-02
1.055112318356667689e-01
3.654830898725210109e-02
4.374782543254362305e-03
1.973540760318399576e-02
8.926530181675315645e-03
3.407185014452931426e-01
6.058539301654303211e-02
1.107964716557822624e-02
1.717361427772543525e-01
8.942250736603848393e-01
2.250472763155840841e-02
5.295043378297190594e-03
2.563992900125757757e-01
1.482116292357642771e-04
2.276882811440416633e-03
4.487195929580640730e-01
2.831134088678719914e-05
1.786178850840510202e-01
7.899164124160385934e-04
8.983056155459336056e-03
4.564887363909648187e-04
1.784659780439686594e-01
1.045540047594109611e-03
4.317750068325795082e-02
2.426885118857169399e-02
5.012060739711642343e-01
2.103393151482593239e-03
5.953873085870289329e-03
3.423330230953388065e-01
1.021080666634402629e-04
7.896435497602336765e-04
5.253805199070636775e-04
2.980032278409605606e-02
2.581308919526666967e-01
1.998801497804429325e-02
1.169883354625755878e-01
2.094721565585952461e-02
3.235674094232407808e-04
5.933059179605991613e-03
5.059818768755273977e-02
2.966144191243895271e-03
3.318056903716182400e-03
5.012076471316121440e-01
8.746634936519115389e-03
1.152003757841456007e-03
2.935040023480784965e-01
9.110515215684683588e-01
3.805122695148039497e-02
3.587296126227324401e-03
7.368498014476759783e-01
4.486669952618825286e-01
2.371647959380809769e-03
2.468951303288004218e-02
1.421706940918464855e-02
6.210871773029840196e-04
1.482864440905905419e-02
1.065525610248911815e-04
3.278830361776159750e-03
1.504693317580692996e-02
1.904261038104605730e-01
2.688925520865597502e-04
7.537194291262132584e-01
5.911245348183935110e-04
1.237308645898204393e-03
3.228383521769982722e-02
5.250459673156723794e-03
4.837787648251060980e-03
5.692447435027381958e-02
1.722815859715321005e-03
2.099962905276808178e-01
4.544299698014693245e-01
3.450744439122424242e-04
1.379729774535808648e-03
5.445153786189974553e-04
6.102054477421956120e-03
1.840225423244502556e-01
9.660756885011115846e-01
1.271007134085273271e-01
3.232068636334726065e-04
1.719366700758811605e-03
1.658388650838006487e-04
8.820572246639088107e-03
7.288820031787868192e-02
4.180683496640161755e-04
4.286278198603454999e-03
2.261776408879913498e-03
3.069171268175518441e-01
3.550853076549074783e-01
1.185347869306796909e-03
2.738783098397506131e-03
9.776681412911449875e-01
7.398612077972666068e-01
2.357380966691121802e-04
1.742274979371262467e-02
1.409962288621258251e-03
1.461160021850328450e-01
3.470861658875077759e-03
8.765215001267043227e-02
3.132267263519366018e-01
1.603663922770226166e-02
1.804336165302302883e-02
2.413786619990631113e-03
3.853994662987289110e-03
7.507747143272533322e-04
3.494408302669965022e-02
8.795454026435401904e-03
1.280880024993893695e-01
1.434539052315110714e-04
1.677970484383818628e-03
7.337619791190278309e-03
3.438795887690604614e-05
3.697852501063311238e-03
2.344855513372359757e-01
6.723606210586824176e-06
1.786596944193521649e-02
6.394067483132183094e-01
9.904516628818874231e-05
2.266742770794572676e-03
3.744433333504916962e-03
1.800727050681973918e-01
1.430123717829380747e-01
1.498550957264126737e-01
5.719520945869433631e-02
3.520545898658484774e-01
2.003496307308003706e-03
2.323861771985669469e-02
2.463364370131812791e-03
7.918948100967642539e-03
6.720154299189150526e-01
1.696940146242563799e-02
1.161966680758740912e-02
7.189974939587735758e-02
5.445507773798506862e-04
3.755264057991784810e-02
5.629799504787827479e-05
6.949026293777463802e-04
6.280844393613092694e-04
7.151908327251309261e-02
4.276678817149916212e-02
4.510827265234472645e-03
3.703754337203280346e-04
1.983002169999079740e-04
4.780223058334624568e-03
3.944777526571383724e-03
8.837801225644135051e-04
2.747819832567812218e-02
6.745146564843025605e-02
4.099161339356844936e-05
3.581413824812489446e-03
8.483201517362268370e-05
8.177950823407538206e-01
1.617747140184560284e-01
5.802799514449470848e-03
1.110467571305277613e-05
5.122883435019196831e-03
1.610295594128780764e-03
5.189499352474393756e-01
1.682221963586887385e-03
7.489551969081320397e-05
3.059458679952418644e-02
2.469733235839849817e-03
9.206322201958764273e-01
4.488277329874551004e-03
5.169543352074505368e-03
1.447125746699910365e-05
7.147172991968142423e-03
9.549476319708634017e-03
1.907497541377310007e-02
5.668780731998217526e-01
4.288445452749678130e-03
5.070135744726435023e-01
2.961379567042521921e-01
6.112805071365271514e-01
5.858411003971707859e-02
1.178840384911087752e-01
8.577105125304441968e-03
1.473777545153744442e-02
7.754148318450101995e-02
6.129762631707923876e-02
6.135135266688316290e-03
7.541878361003443443e-01
1.996155433233090352e-03
4.991255787227802040e-04
1.325895141873917327e-01
3.572519540716911045e-03
3.720709581910360605e-03
1.393273043337707928e-04
2.185072029377258321e-02
5.169393878014740332e-03
5.909486655119097894e-04
1.583265246386669767e-01
2.350350484870038291e-04
1.019832983412639112e-03
3.047111500994058586e-01
6.549589860602615943e-01
1.618916764502189021e-01
6.655539143400909796e-02
3.302559190155288787e-02
1.310714937241872456e-02
3.890735291069377655e-02
1.619077578176925103e-02
4.447025785252213814e-01
2.563918754459506011e-01
1.345534118203618179e-01
2.577182426556193229e-02
2.138541215287927469e-02
2.678845738323961442e-03
3.044282861706485316e-05
4.112813807754654716e-02
1.081220427335695261e-01
1.444777988565830174e-01
2.337917933458396810e-02
6.843669319650437510e-02
4.014713326028498085e-03
3.880615813499763665e-03
5.563420398622466179e-01
1.053109587917798462e-02
5.983919513168639397e-03
2.879872226740059007e-02
7.095325996312031123e-04
3.516081692687929028e-01
4.063127358448747617e-01
3.296978373719040012e-01
1.473307296376402675e-02
3.669885319304555787e-03
6.508252342089017664e-03
2.150440350061080808e-01
7.616477549451391993e-02
6.701339981122587421e-03
4.883813739978640905e-02
1.781430248995353738e-01
1.409845201107525967e-02
1.964901860854605456e-02
1.792293570230092947e-01
4.102426812132620865e-02
1.909431546580212305e-04
3.764599907443362536e-02
3.765194094744364617e-02
8.782582848332989509e-03
1.611758361586351773e-02
8.473964895211241743e-02
9.886217548482753026e-01
2.873954853182800750e-01
2.482792707393645382e-01
5.088430259889316354e-02
8.196166390312835393e-02
6.243547364173165914e-02
6.369832694852279875e-01
6.310336896968108669e-04
4.509812797165858151e-04
7.802814701778002827e-03
7.131375840905053443e-02
1.168718157399211421e-01
1.333889208529186882e-02
1.757389276857131664e-03
9.798122019239195100e-06
1.162208736835346028e-02
1.307431709255294228e-01
1.683324271019575474e-04
2.620267773930750610e-01
8.336106613563128154e-02
1.030467064359726417e-02
3.918020094225481507e-04
6.106833282440365940e-01
7.719896461456403347e-02
1.339693030734568843e-02
5.280453213285540848e-02
8.957525216771795862e-03
2.794206302134346655e-03
5.231625155117577280e-02
7.845781118997842418e-03
2.368892896687484206e-02
6.630970113804425525e-02
6.531160444796746400e-01
3.735162249967485270e-06
9.309975014476955246e-02
6.545609844556534718e-01
1.338253971058474268e-01
1.005110512671217732e-01
7.184233541931622780e-02
6.719981149153038402e-02
2.907032700157889497e-03
7.369611981452131033e-01
1.791541393904912682e-01
1.739532139957500334e-01
8.833083411561054588e-03
2.827711302048277345e-04
6.686330414092043735e-04
1.222351851520517008e-01
2.822857674008654241e-02
1.535805728501809519e-01
1.099720707886069743e-04
3.410057000094449675e-01
1.263813087148446578e-04
9.301170285813667102e-03
8.661975308897899156e-03
1.059731956282599086e-01
4.537996733847232123e-01
3.031801740925464846e-03
2.378648675299209828e-02
3.450700463602533220e-03
1.013022546303802575e-04
5.667683013323906310e-02
9.183834490239494927e-03
1.311799354266539146e-02
1.028789517028300170e-03
1.859056486458858515e-01
4.184803300450620181e-04
4.586433178598665894e-02
1.664742831873566586e-01
4.221684074669937540e-05
4.090943427597193427e-03
2.058775180010741779e-01
4.715105426517061070e-03
2.417629870157864922e-05
1.955118708736112813e-03
4.806248914383934312e-02
1.906806129324902389e-03
6.192239717333312132e-01
2.290127213809784856e-03
2.315089127283955633e-02
1.267461122251967338e-02
1.912709554859826425e-02
1.312931575307699141e-04
1.566209945650952340e-02
1.625086915076001115e-01
9.698750790694328494e-03
1.354144809183003206e-03
1.181799599627980785e-01
2.065660973828482730e-04
1.877560871318159907e-01
5.028020547889509029e-01
5.612073034541521961e-04
3.033218314417591830e-05
6.294428302493981775e-01
6.678070506831936815e-01
3.264727768199732433e-05
4.627499086969563691e-04
9.711799787362625225e-02
3.294485506748526596e-03
4.906009320028641985e-01
1.708711458039895159e-01
3.426532978271157881e-01
4.650523140992390836e-01
6.750340527041320815e-01
8.319320079853614880e-02
4.420903730983107276e-04
5.068514633236685940e-01
7.260399308893996273e-05
1.784170135048403216e-02
9.459744467633187659e-01
3.190453696764204011e-02
9.419564406115836785e-01
9.569063946054620629e-02
1.051722645264381722e-01
6.730643879889963984e-06
1.955698709150206267e-05
2.606995153507374874e-01
9.969244299178414703e-01
6.016363972996894294e-01
1.361729628150882545e-03
6.997497187627779724e-04
9.549116874477807946e-04
1.642421919104798400e-01
5.714329986193940059e-01
1.514965081550706787e-03
1.930107451056096712e-01
4.449643759074805444e-02
6.960118661451444311e-01
1.193858323474073062e-05
3.496267641946642496e-03
2.377850638127345707e-04
1.541199446227647929e-01
3.406144752287874194e-02
9.892591348066522711e-03
5.973325702365718248e-01
2.165852025464336250e-01
1.061103161177823131e-03
1.644811456187970367e-01
1.214124033669572444e-02
2.547033731972317971e-01
9.980854520018691556e-01
1.012788507116134558e-02
4.944424062708899703e-04
7.678421186016320954e-01
9.713032247691015808e-01
1.825403719939672296e-03
4.032970018777135316e-04
1.055328316790825477e-01
6.550766106837862743e-03
3.168247262259694767e-03
2.692677178529393478e-01
2.164558026283102538e-02
3.438237791115460185e-02
3.188437918570528884e-02
6.387447829767134433e-02
3.144792347424595902e-01
2.652631872918870259e-01
1.703643070616037614e-04
2.851902427773695282e-03
1.372431006386716317e-04
9.903276170688639357e-02
1.490219146131002148e-01
2.882482494032989617e-02
1.360436606253441760e-01
1.361694639815964059e-01
5.388157023602751020e-03
6.189385379210554650e-02
5.880659213030998700e-01
3.984477105941465827e-03
6.219752853379851426e-03
1.179282442231334160e-01
4.510095221370103435e-01
5.760572736533020599e-03
1.434577456581231057e-02
5.617258762375254913e-03
5.436362572140476801e-02
1.401194496243153695e-03
7.099703346180141587e-03
2.243195376742215027e-04
2.647927575227917822e-03
2.560762265869861998e-03
2.973824001627451211e-02
6.921881321492880448e-03
5.929008819958474751e-03
9.372118188128092386e-01
9.711197954701112911e-01
4.333966928235430394e-02
1.094375731255236150e-05
2.217979259810217221e-02
2.447168654834560794e-02
1.860032134838228218e-03
1.430776286164067886e-02
7.086912405817918925e-01
1.821205050179285859e-03
2.732827509412074085e-01
7.085925984462245093e-03
1.519881604401945308e-01
4.444837511028017739e-04
3.926877942711852476e-02
1.776851173118985591e-03
1.204423230741360519e-02
2.609386843445867833e-03
2.169566560440559354e-03
5.615873666722627586e-04
7.620242306342071836e-02
8.086957164551944466e-02
3.117849858210043346e-01
3.334304479254177750e-02
8.698479836455750430e-03
4.459699662391249618e-03
1.532197952214902625e-01
9.374202527149666508e-01
6.563592989224795171e-02
3.737326744312648857e-02
2.128432064420258171e-03
8.734900799652672507e-03
3.938877058131892706e-02
1.591932798471823104e-02
2.237833618875706594e-03
6.216099638315855788e-04
2.497736201040155410e-02
3.719540624731751486e-04
3.609985004250174101e-02
7.967050653676678584e-02
1.091210728804831815e-03
9.743982488344993254e-02
9.719481722704001458e-02
4.395008733652270390e-04
5.166374966376156017e-04
8.439251174898089111e-03
2.241192745006529707e-01
2.078098315955857062e-02
6.436451953991226271e-02
7.282298760965956463e-03
8.174016045964193049e-04
4.708391526754148251e-03
2.967041085094477160e-03
9.594299860604143431e-04
1.411016380600032226e-02
7.807712867623528563e-01
2.159394505045285351e-02
6.628003505248235977e-03
5.038459575652508571e-01
2.734630244156089924e-03
1.217899706154525224e-04
8.307276158515336517e-01
1.713743153706765721e-01
1.041530603379421105e-01
2.095090305359443295e-01
1.113875310909999227e-04
8.803387964120761716e-03
5.973968841065694160e-03
1.314914098849042506e-02
8.401050905201770114e-01
7.291465259271014989e-05
9.640784420431976892e-03
8.676131697409217303e-02
2.020885519655752846e-02
2.304287254740360326e-05
8.664952045347965037e-03
8.468064627170687319e-04
6.629678459935169077e-02
1.624686926956275812e-02
2.130120891088458923e-01
1.185532888335780743e-01
5.261770297475594216e-01
9.492278683878589973e-01
2.711462210158428841e-03
7.999804997205942625e-01
1.960093427425445636e-02
7.354912478580028813e-03
1.174391412835245263e-03
3.251110587861606163e-04
3.394928950968922887e-01
1.331051731276211602e-04
1.222999953180574501e-01
1.128467598561521817e-01
2.030704212245611207e-02
2.904714606204795158e-01
5.102646746150651946e-01
1.048887177454930174e-03
1.781329685682817854e-01
2.142445474431734658e-04
1.492442928277822583e-05
2.158438803298956803e-03
8.315928741455031262e-03
1.298792951637838325e-02
1.443346163459201551e-03
3.595345734971306939e-01
2.450791765896011016e-03
9.739394676586707877e-01
1.409591437365792857e-03
7.729756935160329336e-03
1.019710270751275410e-03
5.943123688108105894e-03
5.139714278059671947e-04
4.120801876761541749e-01
4.271884927586294223e-04
5.491373532977120685e-03
8.520998522367678740e-01
8.481954163522041710e-04
5.212124236984706435e-03
1.457904807091413568e-01
1.115796399214164653e-01
1.194672008670205447e-02
3.103205313112890155e-05
3.482434729867912057e-04
2.953084382016149187e-02
2.777194699276913257e-04
6.356992011316697257e-03
2.036644707456332880e-03
1.696341192349336193e-03
2.052290487966240782e-03
2.367421037445068942e-03
1.127608816313644281e-03
3.891240825226796856e-04
8.575478016254221847e-02
2.638904697336471039e-01
2.771707528572304189e-04
8.404369427932117942e-01
1.225428181828321361e-01
2.270746632751102778e-02
9.377711908745872335e-03
1.014054191864551284e-03
3.952624760350896271e-01
1.675018123594501293e-02
6.370435640426987296e-03
8.901931549338356784e-04
8.105749423283427069e-01
1.211514233759271725e-01
4.041442531429060431e-02
3.240121216102741491e-03
1.118883935334825956e-05
2.803740337562056137e-02
3.101388637227140473e-03
1.333092916601675768e-03
2.799327318528748408e-03
1.071453797653633806e-04
2.417667518098460255e-01
3.091510349599417562e-03
6.512562642694275095e-01
1.334791620595357498e-01
2.394263312423032808e-01
2.568475306837091944e-03
3.078488769958766594e-02
8.275261527294881514e-01
4.055372258306434198e-03
1.846017149976957039e-02
8.769525614461158858e-01
2.779880488049612727e-02
2.316875776328101608e-04
1.866617509328798163e-01
1.692347224975543352e-02
4.441929602865395815e-02
1.168361521750562459e-01
3.172431062499723314e-02
3.045990878987731281e-04
1.270442757015012407e-03
1.651535015975904852e-01
6.450716437057856245e-01
6.482492896640307256e-02
6.128609536447260017e-03
3.518815248045448901e-02
5.278543105972477445e-03
1.907211029146655377e-03
2.370920274221353929e-01
9.676352352849473260e-01
5.145942042120233220e-04
1.351115049030781289e-04
3.080436659634909827e-03
8.612936431130391660e-03
6.481056741972679273e-03
3.092632650940139571e-04
5.173887092378345182e-02
4.293455513410576185e-01
9.603612103188667870e-01
1.014401497760231965e-03
1.516876995622078450e-01
2.228687316625455809e-04
2.484938757628617559e-02
4.746290250753299605e-02
1.268949613324728554e-01
8.723672860906687976e-02
6.216483056031824050e-01
1.286914450369565973e-03
7.105635266709193695e-03
1.530874142659551830e-02
4.104088153049930132e-01
1.998636211626475165e-04
9.367445643497169031e-03
1.376946657529041841e-05
2.128746159775243320e-03
3.391270562769442207e-03
3.297132097751417131e-03
1.844994108830632197e-03
3.515251558143870914e-01
1.261891564778941534e-05
5.766781016349812466e-02
5.385520739572897042e-04
3.597325512810019277e-02
9.377928527784064935e-04
2.254931004672064143e-01
2.551485508173220729e-01
5.411646765577242668e-01
1.092549979499700267e-03
8.323015280841136176e-01
5.196097424910576246e-01
5.450259530165625366e-01
5.345045843301268751e-03
7.011679919785432924e-01
2.498321096481352383e-03
6.880630983876372397e-01
3.115518448691413991e-02
3.470081053253565046e-03
2.648219481398168750e-06
4.672732593031004265e-03
3.991339767773004199e-02
6.151698946190592605e-03
3.929140321108602341e-01
1.241870993873364498e-01
1.576933415624017995e-02
1.335888645940876661e-03
8.875164822797237951e-02
8.148274257055622416e-02
2.526687917746088807e-01
2.134447569829434899e-01
1.869829573608799145e-01
4.247406242215041039e-01
1.357856605156264242e-03
1.053299684482076866e-03
5.021630754779049825e-04
6.914416331339387489e-02
6.596636236374059381e-01
1.194055049026686716e-01
3.152646856440564638e-01
1.361015385280189560e-01
4.300782857975995327e-04
5.077571127654005763e-03
1.991715685153796697e-02
6.798402006409015597e-01
1.879448463906632436e-02
5.753617229930089172e-01
1.159534517514263820e-02
4.059618044709900619e-02
1.086988042624751488e-02
3.069683609545909020e-01
4.733521606856853914e-02
9.796152341591142509e-02
3.211643686157540922e-01
2.127579214260117563e-03
6.169385049823423312e-02
5.283569026914245251e-03
9.725618895299828633e-05
3.762305449242622562e-04
1.637346157419105122e-03
5.578613596296281511e-04
3.726111474229210074e-02
8.566989967266772088e-02
2.266563083581388856e-03
5.577237353771181960e-02
3.010098814829260602e-03
6.459726355841383105e-02
4.434013302967556962e-03
1.357692780719988446e-01
3.883437718774912419e-03
9.996576814658980625e-01
2.167702631458491916e-03
3.951267235582517638e-04
1.402412509738705688e-03
7.167573810766229327e-03
9.822820478177499703e-01
1.085166364379065371e-03
2.782041184039965032e-01
1.006416890017824278e-01
3.916825047633385459e-01
1.561171517796937913e-01
1.813544574477352067e-01
1.999781340421692144e-01
9.629190085095321039e-02
2.327114035103305945e-02
3.944360200928058967e-03
2.627781201130932956e-02
1.481161409230058734e-01
1.342834469732030189e-01
1.300615012122271260e-03
6.375550212596707393e-03
1.156264437240096116e-02
1.750314460675221989e-05
6.295320023669584604e-03
2.240541192746087762e-01
9.928910588544342594e-03
3.602586938923780808e-03
1.012064258668680244e-01
2.636546319955172524e-01
8.973301478772098549e-02
1.871623376831779151e-01
2.341876417444762844e-04
1.253865911661297960e-01
3.973657132274504081e-03
4.976140584492645680e-02
1.226154617251130896e-02
6.176120887928699538e-02
7.854475553129925958e-01
2.408784560685714188e-03
9.024340600449381675e-03
2.987886464230016335e-03
5.737651953130492588e-01
3.170973977027633710e-04
1.775963455598245522e-03
1.651879500360254882e-01
9.108398340496528947e-04
9.352053030368000508e-01
4.071423272459878118e-01
1.868687898664931901e-01
1.074791847221377196e-02
7.316699176644653191e-03
3.459367867406322461e-02
4.158555959936484081e-01
6.719843803411599430e-05
1.946652826396116573e-02
4.543059368527552905e-02
7.714656098511296634e-02
6.374814021691390352e-03
1.434099450828154980e-02
3.815422738107976941e-01
5.006531039090854618e-01
1.945000666147375379e-01
2.694562391893934872e-01
7.778798108240167172e-05
3.457125992797493866e-04
2.394517319863836979e-02
3.364265786540617809e-01
3.732448250256267721e-03
9.224750748879338713e-02
1.429195435540889887e-03
1.398576012782403290e-03
1.480999648314182578e-02
2.403676637987909037e-01
3.493715618799413287e-03
3.780609149317754047e-02
1.379841857811704015e-02
1.422882243808509979e-02
8.579017957908061337e-05
4.917598367971959261e-01
9.806578749332944475e-04
2.855759253034627701e-02
2.590047489124351274e-02
1.807672684747356207e-01
1.158694267888178420e-01
2.288366404615039817e-01
5.774668148587606964e-02
9.197639517922176142e-04
1.806275675170277428e-01
3.987823485055959349e-02
4.727843193504089291e-03
8.995530868192647069e-05
2.247122092989807252e-01
5.882256588247900680e-02
1.311382337708384346e-02
1.284571054223906375e-03
2.043726406197806397e-04
6.833084718307651517e-01
6.281201464076701909e-04
1.835062123958269473e-04
4.440560113884094130e-05
2.549938039767556813e-02
2.480039237178544853e-01
4.311491694135231693e-03
7.940660775685204342e-01
1.920252308554874499e-01
3.277180612648823016e-02
3.479655995397286632e-03
8.670058872806796213e-02
4.920990098870878238e-02
1.782483098727198623e-01
4.360132018635445167e-02
1.887622141445972207e-02
6.955949621023505003e-01
1.559906056474553160e-01
1.424897110595006516e-04
1.232644327807882155e-03
1.824518537444048700e-03
6.373211586099559447e-04
7.815809256823569307e-02
5.438852644027153636e-06
1.677259332114164900e-03
7.054634786021331261e-02
7.160482602648696182e-02
9.655039776903071580e-01
3.640977727001801201e-04
3.131656303538196771e-03
1.248292835388416884e-03
2.730641650434144886e-05
4.415849192055646549e-02
9.604938747591638959e-02
3.564271775698851547e-04
9.867319078232927865e-01
8.103349731350372983e-04
5.000844271075812137e-04
1.617083372807027672e-02
9.965567217241029507e-02
8.903719479305526735e-03
3.513262630165320810e-01
2.958285892613536361e-01
3.227689018763427869e-02
1.396875312600976467e-03
1.329828318946573492e-03
8.108224871409153850e-04
2.614554952460973469e-01
1.110372782540429686e-03
2.162112723226643565e-02
3.868160690416115599e-02
6.922875250921270984e-01
4.214474620887934120e-01
1.224350765959546575e-02
1.915124486679656013e-01
2.614113665300561024e-02
9.141911750721331414e-03
8.356800493315529434e-04
6.740553778969973417e-04
2.068422321062778676e-03
4.955938310829632876e-01
9.818883091046302913e-02
7.412749595165177285e-02
4.117587150936505985e-02
4.646079130575487062e-03
3.711471151400071999e-01
3.834260761731103032e-03
1.315717658094430614e-02
2.303319950602073039e-03
1.205566047694577817e-04
2.123894335450978929e-02
1.817769258321893719e-05
1.165593160336553854e-03
2.761134948230973760e-02
2.881057608076742146e-02
5.340371969147394288e-02
9.832305648839801716e-04
3.084222146600837443e-04
7.923478974559250432e-03
2.920857236077134891e-02
7.132986141590788032e-01
8.401459167405540829e-03
1.482495153296777869e-02
2.254016111457311008e-04
4.216136528439586029e-03
1.298564954734422478e-04
1.931969145442683899e-03
4.519674114476826543e-02
3.706413044674056190e-02
2.635616480502219194e-01
5.377180801172403157e-01
1.285368700982169720e-03
2.677780855749444661e-03
1.476786249157057418e-01
6.083832632950608027e-02
7.020192772233575448e-03
4.187026822190078657e-04
5.265122868006147545e-04
5.024710288358913944e-03
1.263219586200795171e-02
1.353079433372070435e-02
7.259847268751105920e-02
8.067826462245819563e-01
5.057550060474608200e-01
5.040853028822121773e-02
2.274135913444218227e-02
7.237227280956770592e-02
3.888819013496032000e-06
4.044316010551779472e-01
9.528204981815168173e-01
9.126781322590262757e-01
1.515028816769677378e-01
2.023045778833658002e-04
6.865837330773500238e-03
2.550667419347400766e-02
5.194461371243094469e-03
4.140009649534158172e-04
1.658825542366356154e-01
1.942170119454667953e-03
4.985553094433000688e-03
2.041032498220800642e-02
4.652461599066840502e-03
2.843944470882109332e-02
6.606376883415177341e-04
1.382154729739683285e-01
1.019490509168854628e-02
5.439375286236091886e-03
6.103382348518515688e-01
9.010593163586346765e-01
6.630637107416142983e-02
4.469154025020545887e-03
6.732143326873618605e-02
5.919076103739017136e-05
6.213366176616407222e-01
1.290183754316062388e-03
1.456179607592059388e-01
5.210335781349935136e-01
8.414305328880642421e-01
3.299100572466303651e-03
6.292487563364528302e-01
8.517495865183541057e-03
5.063133783753243338e-04
2.447870506934906806e-02
4.372034691663114273e-04
2.479921922674172829e-01
2.001495699285942045e-05
2.003956916521976140e-04
1.694106862126264549e-04
3.899088944317388597e-04
1.890398678302707787e-03
1.022956331613861097e-01
3.961482335762741419e-02
2.179256430027925739e-01
1.776241593343327874e-02
9.172396714213727487e-01
7.591173412623769545e-02
8.972688951371369419e-04
7.241594004892704800e-04
2.472297553755887223e-01
1.092397407126440684e-04
6.386447575105058151e-03
1.688295401259763944e-03
4.291209199063978665e-04
2.198154999230145790e-01
3.179163900010475801e-04
3.236403594066190048e-01
1.573162031737170563e-01
5.884923649365264055e-03
9.295637329920326342e-04
1.426018591309236305e-01
2.797655162766507497e-01
1.931528361503917143e-02
5.427062075234772437e-02
1.411489190673101239e-02
2.135315543952427848e-03
4.657461532183926160e-03
6.158616675045283130e-04
3.865396374642007110e-02
1.184458086150850521e-05
1.443383893437600630e-02
1.884171668791109484e-04
5.713038019523431627e-03
9.350164378998651049e-01
3.607869031147382249e-02
8.157862430475788795e-03
3.636588827084869186e-04
5.926309450918359339e-03
5.425247995734538281e-02
1.848437674969654037e-03
1.914999479580142480e-02
1.218431818560198332e-01
1.802269614623503466e-04
5.946889451920049641e-02
3.072752130254118863e-01
9.968307305372069438e-01
9.303308561573926383e-01
9.901531036382460460e-01
9.870024402549661957e-01
9.904737635919754757e-01
4.723777794450675360e-01
8.341309328665905687e-01
9.003775938583065130e-01
9.970039785648951991e-01
2.991121077038042531e-01
9.628569719744103361e-01
9.614242451940516743e-01
3.629256840308249799e-01
9.972970195460513221e-01
9.812789628188404167e-01
2.647872517977720719e-01
9.862879271825488736e-01
9.551357546742333948e-01
9.700883583241296515e-01
9.589958158575533353e-01
8.594631079463866952e-01
9.993463412392914469e-01
9.909592964650852931e-01
5.678678966043093634e-01
9.837791586607701477e-01
9.681584849285864713e-01
9.196936546826310899e-01
9.582046181563429466e-01
9.892411779790722948e-01
9.075615221078137118e-01
7.972329329014266053e-01
9.844847053528972269e-01
5.866635234122574705e-01
9.948558958873010560e-01
9.995975832586754262e-01
6.623701031023370156e-01
9.950288826939852616e-01
6.645704530069398430e-01
9.719834258416575334e-01
7.537702209895413841e-01
9.347021577966898587e-01
2.995377714857909157e-01
8.478966853218087296e-01
9.763467243953600772e-01
4.860371306417793913e-01
9.473462550661613246e-01
9.492903992680920000e-01
9.512848834599401115e-01
9.978367433554086174e-01
9.984480419471438717e-01
9.757018333056030057e-01
8.564595180938521235e-01
7.104437372118792560e-01
9.930297229289152261e-01
8.790170130000893867e-01
9.713212543990017434e-01
8.174997469206225498e-01
7.789403774046517182e-01
9.990488424759801367e-01
9.255230997038610408e-01
9.909919121453570900e-01
9.890065220923774936e-01
9.969466264593104254e-01
6.333714619798314072e-01
8.276699387854939971e-01
7.730126263495930017e-01
2.585036489186615660e-01
7.267071436985110822e-01
9.520424171761379117e-01
8.752310397932098196e-01
6.132598384634098121e-01
8.679985311014224436e-01
9.536980060247838287e-01
6.291167763133949098e-01
5.962460787635618376e-01
9.975906649512978897e-01
9.200707954565049418e-01
9.943616830195585177e-01
9.470450183321458271e-01
9.995600847175682979e-01
7.862855541859428143e-01
9.797011935832111718e-01
9.606878660354423172e-01
9.796814746687195763e-01
8.809853061300488841e-01
9.446902476258938197e-01
6.017470927563891570e-01
9.327714046169505169e-01
2.645690720293752407e-01
9.451656599920736923e-01
7.765199264748350316e-01
3.363398310893325194e-01
9.927901203578327616e-01
7.974433523600134022e-01
8.740243049013414200e-01
9.459666828171517938e-01
9.019329071088721950e-01
9.480105755674982371e-01
9.940676654214319896e-01
9.574319558810849840e-01
